header: 
  seq: 1424
  stamp: 
    secs: 1718659506
    nsecs: 910186136
  frame_id: "odom"
child_frame_id: "base_footprint"
pose: 
  pose: 
    position: 
      x: -1.0741636753082275
      y: 0.31171664595603943
      z: 0.0
    orientation: 
      x: 0.0
      y: 0.0
      z: -0.2476746290922165
      w: 0.9688432812690735
  covariance: [0.0, 0.0, 0.0, 0.0, 0.0, 0.0, 0.0, 0.0, 0.0, 0.0, 0.0, 0.0, 0.0, 0.0, 0.0, 0.0, 0.0, 0.0, 0.0, 0.0, 0.0, 0.0, 0.0, 0.0, 0.0, 0.0, 0.0, 0.0, 0.0, 0.0, 0.0, 0.0, 0.0, 0.0, 0.0, 0.0]
twist: 
  twist: 
    linear: 
      x: 0.0
      y: 0.0
      z: 0.0
    angular: 
      x: 0.0
      y: 0.0
      z: 5.6975026382133365e-05
  covariance: [0.0, 0.0, 0.0, 0.0, 0.0, 0.0, 0.0, 0.0, 0.0, 0.0, 0.0, 0.0, 0.0, 0.0, 0.0, 0.0, 0.0, 0.0, 0.0, 0.0, 0.0, 0.0, 0.0, 0.0, 0.0, 0.0, 0.0, 0.0, 0.0, 0.0, 0.0, 0.0, 0.0, 0.0, 0.0, 0.0]
---
